Time 0
Waiting clients: [(1, 3, 7), (2, 6, 25), (3, 2, 9), (4, 4, 2), (5, 2, 22), (6, 3, 21), (7, 3, 14), (8, 4, 33), (9, 2, 12), (10, 1, 32), (11, 2, 20), (12, 3, 11), (13, 5, 16), (14, 4, 28), (15, 3, 38), (16, 2, 21), (17, 3, 31), (18, 6, 38), (19, 5, 27), (20, 4, 21), (21, 2, 17), (22, 1, 25), (23, 4, 32), (24, 1, 15), (25, 6, 7), (26, 1, 33), (27, 5, 11), (28, 3, 17), (29, 5, 37), (30, 3, 31), (31, 3, 17), (32, 4, 10), (33, 5, 7), (34, 5, 14), (35, 4, 13), (36, 4, 33), (37, 6, 35), (38, 4, 25), (39, 1, 3), (40, 2, 3), (41, 5, 36), (42, 1, 23), (43, 5, 24), (44, 1, 11), (45, 2, 33), (46, 3, 29), (47, 5, 28), (48, 5, 28), (49, 4, 21), (50, 3, 3)]
Queue 1:closed;
Queue 2:closed;
Queue 3:closed;
Queue 4:closed;
Queue 5:closed;


Time 1
Waiting clients: [(1, 3, 7), (2, 6, 25), (3, 2, 9), (4, 4, 2), (5, 2, 22), (6, 3, 21), (7, 3, 14), (8, 4, 33), (9, 2, 12), (10, 1, 32), (11, 2, 20), (12, 3, 11), (13, 5, 16), (14, 4, 28), (15, 3, 38), (16, 2, 21), (17, 3, 31), (18, 6, 38), (19, 5, 27), (20, 4, 21), (21, 2, 17), (22, 1, 25), (23, 4, 32), (24, 1, 15), (25, 6, 7), (26, 1, 33), (27, 5, 11), (28, 3, 17), (29, 5, 37), (30, 3, 31), (31, 3, 17), (32, 4, 10), (33, 5, 7), (34, 5, 14), (35, 4, 13), (36, 4, 33), (37, 6, 35), (38, 4, 25), (39, 1, 3), (40, 2, 3), (41, 5, 36), (42, 1, 23), (43, 5, 24), (44, 1, 11), (45, 2, 33), (46, 3, 29), (47, 5, 28), (48, 5, 28), (49, 4, 21), (50, 3, 3)]
Queue 1:closed;
Queue 2:closed;
Queue 3:closed;
Queue 4:closed;
Queue 5:closed;


Time 2
Waiting clients: [(1, 3, 7), (2, 6, 25), (3, 2, 9), (5, 2, 22), (6, 3, 21), (7, 3, 14), (8, 4, 33), (9, 2, 12), (10, 1, 32), (11, 2, 20), (12, 3, 11), (13, 5, 16), (14, 4, 28), (15, 3, 38), (16, 2, 21), (17, 3, 31), (18, 6, 38), (19, 5, 27), (20, 4, 21), (21, 2, 17), (22, 1, 25), (23, 4, 32), (24, 1, 15), (25, 6, 7), (26, 1, 33), (27, 5, 11), (28, 3, 17), (29, 5, 37), (30, 3, 31), (31, 3, 17), (32, 4, 10), (33, 5, 7), (34, 5, 14), (35, 4, 13), (36, 4, 33), (37, 6, 35), (38, 4, 25), (39, 1, 3), (40, 2, 3), (41, 5, 36), (42, 1, 23), (43, 5, 24), (44, 1, 11), (45, 2, 33), (46, 3, 29), (47, 5, 28), (48, 5, 28), (49, 4, 21), (50, 3, 3)]
Queue 1:[(4, 4, 2)], ;
Queue 2:closed;
Queue 3:closed;
Queue 4:closed;
Queue 5:closed;


Time 3
Waiting clients: [(1, 3, 7), (2, 6, 25), (3, 2, 9), (5, 2, 22), (6, 3, 21), (7, 3, 14), (8, 4, 33), (9, 2, 12), (10, 1, 32), (11, 2, 20), (12, 3, 11), (13, 5, 16), (14, 4, 28), (15, 3, 38), (16, 2, 21), (17, 3, 31), (18, 6, 38), (19, 5, 27), (20, 4, 21), (21, 2, 17), (22, 1, 25), (23, 4, 32), (24, 1, 15), (25, 6, 7), (26, 1, 33), (27, 5, 11), (28, 3, 17), (29, 5, 37), (30, 3, 31), (31, 3, 17), (32, 4, 10), (33, 5, 7), (34, 5, 14), (35, 4, 13), (36, 4, 33), (37, 6, 35), (38, 4, 25), (41, 5, 36), (42, 1, 23), (43, 5, 24), (44, 1, 11), (45, 2, 33), (46, 3, 29), (47, 5, 28), (48, 5, 28), (49, 4, 21)]
Queue 1:[(4, 3, 2)], ;
Queue 2:[(39, 1, 3)], ;
Queue 3:[(40, 2, 3)], ;
Queue 4:[(50, 3, 3)], ;
Queue 5:closed;


Time 4
Waiting clients: [(1, 3, 7), (2, 6, 25), (3, 2, 9), (5, 2, 22), (6, 3, 21), (7, 3, 14), (8, 4, 33), (9, 2, 12), (10, 1, 32), (11, 2, 20), (12, 3, 11), (13, 5, 16), (14, 4, 28), (15, 3, 38), (16, 2, 21), (17, 3, 31), (18, 6, 38), (19, 5, 27), (20, 4, 21), (21, 2, 17), (22, 1, 25), (23, 4, 32), (24, 1, 15), (25, 6, 7), (26, 1, 33), (27, 5, 11), (28, 3, 17), (29, 5, 37), (30, 3, 31), (31, 3, 17), (32, 4, 10), (33, 5, 7), (34, 5, 14), (35, 4, 13), (36, 4, 33), (37, 6, 35), (38, 4, 25), (41, 5, 36), (42, 1, 23), (43, 5, 24), (44, 1, 11), (45, 2, 33), (46, 3, 29), (47, 5, 28), (48, 5, 28), (49, 4, 21)]
Queue 1:[(4, 2, 2)], ;
Queue 2:[(39, 0, 3)], ;
Queue 3:[(40, 1, 3)], ;
Queue 4:[(50, 2, 3)], ;
Queue 5:closed;


Time 5
Waiting clients: [(1, 3, 7), (2, 6, 25), (3, 2, 9), (5, 2, 22), (6, 3, 21), (7, 3, 14), (8, 4, 33), (9, 2, 12), (10, 1, 32), (11, 2, 20), (12, 3, 11), (13, 5, 16), (14, 4, 28), (15, 3, 38), (16, 2, 21), (17, 3, 31), (18, 6, 38), (19, 5, 27), (20, 4, 21), (21, 2, 17), (22, 1, 25), (23, 4, 32), (24, 1, 15), (25, 6, 7), (26, 1, 33), (27, 5, 11), (28, 3, 17), (29, 5, 37), (30, 3, 31), (31, 3, 17), (32, 4, 10), (33, 5, 7), (34, 5, 14), (35, 4, 13), (36, 4, 33), (37, 6, 35), (38, 4, 25), (41, 5, 36), (42, 1, 23), (43, 5, 24), (44, 1, 11), (45, 2, 33), (46, 3, 29), (47, 5, 28), (48, 5, 28), (49, 4, 21)]
Queue 1:[(4, 1, 2)], ;
Queue 2:closed;
Queue 3:[(40, 0, 3)], ;
Queue 4:[(50, 1, 3)], ;
Queue 5:closed;


Time 6
Waiting clients: [(1, 3, 7), (2, 6, 25), (3, 2, 9), (5, 2, 22), (6, 3, 21), (7, 3, 14), (8, 4, 33), (9, 2, 12), (10, 1, 32), (11, 2, 20), (12, 3, 11), (13, 5, 16), (14, 4, 28), (15, 3, 38), (16, 2, 21), (17, 3, 31), (18, 6, 38), (19, 5, 27), (20, 4, 21), (21, 2, 17), (22, 1, 25), (23, 4, 32), (24, 1, 15), (25, 6, 7), (26, 1, 33), (27, 5, 11), (28, 3, 17), (29, 5, 37), (30, 3, 31), (31, 3, 17), (32, 4, 10), (33, 5, 7), (34, 5, 14), (35, 4, 13), (36, 4, 33), (37, 6, 35), (38, 4, 25), (41, 5, 36), (42, 1, 23), (43, 5, 24), (44, 1, 11), (45, 2, 33), (46, 3, 29), (47, 5, 28), (48, 5, 28), (49, 4, 21)]
Queue 1:[(4, 0, 2)], ;
Queue 2:closed;
Queue 3:closed;
Queue 4:[(50, 0, 3)], ;
Queue 5:closed;


Time 7
Waiting clients: [(2, 6, 25), (3, 2, 9), (5, 2, 22), (6, 3, 21), (7, 3, 14), (8, 4, 33), (9, 2, 12), (10, 1, 32), (11, 2, 20), (12, 3, 11), (13, 5, 16), (14, 4, 28), (15, 3, 38), (16, 2, 21), (17, 3, 31), (18, 6, 38), (19, 5, 27), (20, 4, 21), (21, 2, 17), (22, 1, 25), (23, 4, 32), (24, 1, 15), (26, 1, 33), (27, 5, 11), (28, 3, 17), (29, 5, 37), (30, 3, 31), (31, 3, 17), (32, 4, 10), (34, 5, 14), (35, 4, 13), (36, 4, 33), (37, 6, 35), (38, 4, 25), (41, 5, 36), (42, 1, 23), (43, 5, 24), (44, 1, 11), (45, 2, 33), (46, 3, 29), (47, 5, 28), (48, 5, 28), (49, 4, 21)]
Queue 1:closed;
Queue 2:[(25, 6, 7)], ;
Queue 3:[(33, 5, 7)], ;
Queue 4:closed;
Queue 5:[(1, 3, 7)], ;


Time 8
Waiting clients: [(2, 6, 25), (3, 2, 9), (5, 2, 22), (6, 3, 21), (7, 3, 14), (8, 4, 33), (9, 2, 12), (10, 1, 32), (11, 2, 20), (12, 3, 11), (13, 5, 16), (14, 4, 28), (15, 3, 38), (16, 2, 21), (17, 3, 31), (18, 6, 38), (19, 5, 27), (20, 4, 21), (21, 2, 17), (22, 1, 25), (23, 4, 32), (24, 1, 15), (26, 1, 33), (27, 5, 11), (28, 3, 17), (29, 5, 37), (30, 3, 31), (31, 3, 17), (32, 4, 10), (34, 5, 14), (35, 4, 13), (36, 4, 33), (37, 6, 35), (38, 4, 25), (41, 5, 36), (42, 1, 23), (43, 5, 24), (44, 1, 11), (45, 2, 33), (46, 3, 29), (47, 5, 28), (48, 5, 28), (49, 4, 21)]
Queue 1:closed;
Queue 2:[(25, 5, 7)], ;
Queue 3:[(33, 4, 7)], ;
Queue 4:closed;
Queue 5:[(1, 2, 7)], ;


Time 9
Waiting clients: [(2, 6, 25), (5, 2, 22), (6, 3, 21), (7, 3, 14), (8, 4, 33), (9, 2, 12), (10, 1, 32), (11, 2, 20), (12, 3, 11), (13, 5, 16), (14, 4, 28), (15, 3, 38), (16, 2, 21), (17, 3, 31), (18, 6, 38), (19, 5, 27), (20, 4, 21), (21, 2, 17), (22, 1, 25), (23, 4, 32), (24, 1, 15), (26, 1, 33), (27, 5, 11), (28, 3, 17), (29, 5, 37), (30, 3, 31), (31, 3, 17), (32, 4, 10), (34, 5, 14), (35, 4, 13), (36, 4, 33), (37, 6, 35), (38, 4, 25), (41, 5, 36), (42, 1, 23), (43, 5, 24), (44, 1, 11), (45, 2, 33), (46, 3, 29), (47, 5, 28), (48, 5, 28), (49, 4, 21)]
Queue 1:closed;
Queue 2:[(25, 4, 7)], ;
Queue 3:[(33, 3, 7)], ;
Queue 4:[(3, 2, 9)], ;
Queue 5:[(1, 1, 7)], ;


Time 10
Waiting clients: [(2, 6, 25), (5, 2, 22), (6, 3, 21), (7, 3, 14), (8, 4, 33), (9, 2, 12), (10, 1, 32), (11, 2, 20), (12, 3, 11), (13, 5, 16), (14, 4, 28), (15, 3, 38), (16, 2, 21), (17, 3, 31), (18, 6, 38), (19, 5, 27), (20, 4, 21), (21, 2, 17), (22, 1, 25), (23, 4, 32), (24, 1, 15), (26, 1, 33), (27, 5, 11), (28, 3, 17), (29, 5, 37), (30, 3, 31), (31, 3, 17), (34, 5, 14), (35, 4, 13), (36, 4, 33), (37, 6, 35), (38, 4, 25), (41, 5, 36), (42, 1, 23), (43, 5, 24), (44, 1, 11), (45, 2, 33), (46, 3, 29), (47, 5, 28), (48, 5, 28), (49, 4, 21)]
Queue 1:closed;
Queue 2:[(25, 3, 7)], ;
Queue 3:[(33, 2, 7)], ;
Queue 4:[(3, 1, 9)], ;
Queue 5:[(1, 0, 7), (32, 4, 10)], ;


Time 11
Waiting clients: [(2, 6, 25), (5, 2, 22), (6, 3, 21), (7, 3, 14), (8, 4, 33), (9, 2, 12), (10, 1, 32), (11, 2, 20), (13, 5, 16), (14, 4, 28), (15, 3, 38), (16, 2, 21), (17, 3, 31), (18, 6, 38), (19, 5, 27), (20, 4, 21), (21, 2, 17), (22, 1, 25), (23, 4, 32), (24, 1, 15), (26, 1, 33), (28, 3, 17), (29, 5, 37), (30, 3, 31), (31, 3, 17), (34, 5, 14), (35, 4, 13), (36, 4, 33), (37, 6, 35), (38, 4, 25), (41, 5, 36), (42, 1, 23), (43, 5, 24), (45, 2, 33), (46, 3, 29), (47, 5, 28), (48, 5, 28), (49, 4, 21)]
Queue 1:[(12, 3, 11), (44, 1, 11)], ;
Queue 2:[(25, 2, 7)], ;
Queue 3:[(33, 1, 7)], ;
Queue 4:[(3, 0, 9), (27, 5, 11)], ;
Queue 5:[(32, 4, 10)], ;


Time 12
Waiting clients: [(2, 6, 25), (5, 2, 22), (6, 3, 21), (7, 3, 14), (8, 4, 33), (10, 1, 32), (11, 2, 20), (13, 5, 16), (14, 4, 28), (15, 3, 38), (16, 2, 21), (17, 3, 31), (18, 6, 38), (19, 5, 27), (20, 4, 21), (21, 2, 17), (22, 1, 25), (23, 4, 32), (24, 1, 15), (26, 1, 33), (28, 3, 17), (29, 5, 37), (30, 3, 31), (31, 3, 17), (34, 5, 14), (35, 4, 13), (36, 4, 33), (37, 6, 35), (38, 4, 25), (41, 5, 36), (42, 1, 23), (43, 5, 24), (45, 2, 33), (46, 3, 29), (47, 5, 28), (48, 5, 28), (49, 4, 21)]
Queue 1:[(12, 2, 11), (44, 1, 11)], ;
Queue 2:[(25, 1, 7), (9, 2, 12)], ;
Queue 3:[(33, 0, 7)], ;
Queue 4:[(27, 5, 11)], ;
Queue 5:[(32, 3, 10)], ;


Time 13
Waiting clients: [(2, 6, 25), (5, 2, 22), (6, 3, 21), (7, 3, 14), (8, 4, 33), (10, 1, 32), (11, 2, 20), (13, 5, 16), (14, 4, 28), (15, 3, 38), (16, 2, 21), (17, 3, 31), (18, 6, 38), (19, 5, 27), (20, 4, 21), (21, 2, 17), (22, 1, 25), (23, 4, 32), (24, 1, 15), (26, 1, 33), (28, 3, 17), (29, 5, 37), (30, 3, 31), (31, 3, 17), (34, 5, 14), (36, 4, 33), (37, 6, 35), (38, 4, 25), (41, 5, 36), (42, 1, 23), (43, 5, 24), (45, 2, 33), (46, 3, 29), (47, 5, 28), (48, 5, 28), (49, 4, 21)]
Queue 1:[(12, 1, 11), (44, 1, 11)], ;
Queue 2:[(25, 0, 7), (9, 2, 12)], ;
Queue 3:[(35, 4, 13)], ;
Queue 4:[(27, 4, 11)], ;
Queue 5:[(32, 2, 10)], ;


Time 14
Waiting clients: [(2, 6, 25), (5, 2, 22), (6, 3, 21), (8, 4, 33), (10, 1, 32), (11, 2, 20), (13, 5, 16), (14, 4, 28), (15, 3, 38), (16, 2, 21), (17, 3, 31), (18, 6, 38), (19, 5, 27), (20, 4, 21), (21, 2, 17), (22, 1, 25), (23, 4, 32), (24, 1, 15), (26, 1, 33), (28, 3, 17), (29, 5, 37), (30, 3, 31), (31, 3, 17), (36, 4, 33), (37, 6, 35), (38, 4, 25), (41, 5, 36), (42, 1, 23), (43, 5, 24), (45, 2, 33), (46, 3, 29), (47, 5, 28), (48, 5, 28), (49, 4, 21)]
Queue 1:[(12, 0, 11), (44, 1, 11), (34, 5, 14)], ;
Queue 2:[(9, 2, 12)], ;
Queue 3:[(35, 3, 13)], ;
Queue 4:[(27, 3, 11)], ;
Queue 5:[(32, 1, 10), (7, 3, 14)], ;


Time 15
Waiting clients: [(2, 6, 25), (5, 2, 22), (6, 3, 21), (8, 4, 33), (10, 1, 32), (11, 2, 20), (13, 5, 16), (14, 4, 28), (15, 3, 38), (16, 2, 21), (17, 3, 31), (18, 6, 38), (19, 5, 27), (20, 4, 21), (21, 2, 17), (22, 1, 25), (23, 4, 32), (26, 1, 33), (28, 3, 17), (29, 5, 37), (30, 3, 31), (31, 3, 17), (36, 4, 33), (37, 6, 35), (38, 4, 25), (41, 5, 36), (42, 1, 23), (43, 5, 24), (45, 2, 33), (46, 3, 29), (47, 5, 28), (48, 5, 28), (49, 4, 21)]
Queue 1:[(44, 1, 11), (34, 5, 14)], ;
Queue 2:[(9, 1, 12), (24, 1, 15)], ;
Queue 3:[(35, 2, 13)], ;
Queue 4:[(27, 2, 11)], ;
Queue 5:[(32, 0, 10), (7, 3, 14)], ;


Time 16
Waiting clients: [(2, 6, 25), (5, 2, 22), (6, 3, 21), (8, 4, 33), (10, 1, 32), (11, 2, 20), (14, 4, 28), (15, 3, 38), (16, 2, 21), (17, 3, 31), (18, 6, 38), (19, 5, 27), (20, 4, 21), (21, 2, 17), (22, 1, 25), (23, 4, 32), (26, 1, 33), (28, 3, 17), (29, 5, 37), (30, 3, 31), (31, 3, 17), (36, 4, 33), (37, 6, 35), (38, 4, 25), (41, 5, 36), (42, 1, 23), (43, 5, 24), (45, 2, 33), (46, 3, 29), (47, 5, 28), (48, 5, 28), (49, 4, 21)]
Queue 1:[(44, 0, 11), (34, 5, 14)], ;
Queue 2:[(9, 0, 12), (24, 1, 15), (13, 5, 16)], ;
Queue 3:[(35, 1, 13)], ;
Queue 4:[(27, 1, 11)], ;
Queue 5:[(7, 3, 14)], ;


Time 17
Waiting clients: [(2, 6, 25), (5, 2, 22), (6, 3, 21), (8, 4, 33), (10, 1, 32), (11, 2, 20), (14, 4, 28), (15, 3, 38), (16, 2, 21), (17, 3, 31), (18, 6, 38), (19, 5, 27), (20, 4, 21), (22, 1, 25), (23, 4, 32), (26, 1, 33), (29, 5, 37), (30, 3, 31), (36, 4, 33), (37, 6, 35), (38, 4, 25), (41, 5, 36), (42, 1, 23), (43, 5, 24), (45, 2, 33), (46, 3, 29), (47, 5, 28), (48, 5, 28), (49, 4, 21)]
Queue 1:[(34, 5, 14)], ;
Queue 2:[(24, 1, 15), (13, 5, 16)], ;
Queue 3:[(35, 0, 13), (31, 3, 17)], ;
Queue 4:[(27, 0, 11), (21, 2, 17)], ;
Queue 5:[(7, 2, 14), (28, 3, 17)], ;


Time 18
Waiting clients: [(2, 6, 25), (5, 2, 22), (6, 3, 21), (8, 4, 33), (10, 1, 32), (11, 2, 20), (14, 4, 28), (15, 3, 38), (16, 2, 21), (17, 3, 31), (18, 6, 38), (19, 5, 27), (20, 4, 21), (22, 1, 25), (23, 4, 32), (26, 1, 33), (29, 5, 37), (30, 3, 31), (36, 4, 33), (37, 6, 35), (38, 4, 25), (41, 5, 36), (42, 1, 23), (43, 5, 24), (45, 2, 33), (46, 3, 29), (47, 5, 28), (48, 5, 28), (49, 4, 21)]
Queue 1:[(34, 4, 14)], ;
Queue 2:[(24, 0, 15), (13, 5, 16)], ;
Queue 3:[(31, 3, 17)], ;
Queue 4:[(21, 2, 17)], ;
Queue 5:[(7, 1, 14), (28, 3, 17)], ;


Time 19
Waiting clients: [(2, 6, 25), (5, 2, 22), (6, 3, 21), (8, 4, 33), (10, 1, 32), (11, 2, 20), (14, 4, 28), (15, 3, 38), (16, 2, 21), (17, 3, 31), (18, 6, 38), (19, 5, 27), (20, 4, 21), (22, 1, 25), (23, 4, 32), (26, 1, 33), (29, 5, 37), (30, 3, 31), (36, 4, 33), (37, 6, 35), (38, 4, 25), (41, 5, 36), (42, 1, 23), (43, 5, 24), (45, 2, 33), (46, 3, 29), (47, 5, 28), (48, 5, 28), (49, 4, 21)]
Queue 1:[(34, 3, 14)], ;
Queue 2:[(13, 5, 16)], ;
Queue 3:[(31, 2, 17)], ;
Queue 4:[(21, 1, 17)], ;
Queue 5:[(7, 0, 14), (28, 3, 17)], ;


Time 20
Waiting clients: [(2, 6, 25), (5, 2, 22), (6, 3, 21), (8, 4, 33), (10, 1, 32), (14, 4, 28), (15, 3, 38), (16, 2, 21), (17, 3, 31), (18, 6, 38), (19, 5, 27), (20, 4, 21), (22, 1, 25), (23, 4, 32), (26, 1, 33), (29, 5, 37), (30, 3, 31), (36, 4, 33), (37, 6, 35), (38, 4, 25), (41, 5, 36), (42, 1, 23), (43, 5, 24), (45, 2, 33), (46, 3, 29), (47, 5, 28), (48, 5, 28), (49, 4, 21)]
Queue 1:[(34, 2, 14)], ;
Queue 2:[(13, 4, 16)], ;
Queue 3:[(31, 1, 17)], ;
Queue 4:[(21, 0, 17), (11, 2, 20)], ;
Queue 5:[(28, 3, 17)], ;


Time 21
Waiting clients: [(2, 6, 25), (5, 2, 22), (8, 4, 33), (10, 1, 32), (14, 4, 28), (15, 3, 38), (17, 3, 31), (18, 6, 38), (19, 5, 27), (22, 1, 25), (23, 4, 32), (26, 1, 33), (29, 5, 37), (30, 3, 31), (36, 4, 33), (37, 6, 35), (38, 4, 25), (41, 5, 36), (42, 1, 23), (43, 5, 24), (45, 2, 33), (46, 3, 29), (47, 5, 28), (48, 5, 28)]
Queue 1:[(34, 1, 14), (6, 3, 21)], ;
Queue 2:[(13, 3, 16)], ;
Queue 3:[(31, 0, 17), (20, 4, 21)], ;
Queue 4:[(11, 2, 20), (49, 4, 21)], ;
Queue 5:[(28, 2, 17), (16, 2, 21)], ;


Time 22
Waiting clients: [(2, 6, 25), (8, 4, 33), (10, 1, 32), (14, 4, 28), (15, 3, 38), (17, 3, 31), (18, 6, 38), (19, 5, 27), (22, 1, 25), (23, 4, 32), (26, 1, 33), (29, 5, 37), (30, 3, 31), (36, 4, 33), (37, 6, 35), (38, 4, 25), (41, 5, 36), (42, 1, 23), (43, 5, 24), (45, 2, 33), (46, 3, 29), (47, 5, 28), (48, 5, 28)]
Queue 1:[(34, 0, 14), (6, 3, 21)], ;
Queue 2:[(13, 2, 16), (5, 2, 22)], ;
Queue 3:[(20, 4, 21)], ;
Queue 4:[(11, 1, 20), (49, 4, 21)], ;
Queue 5:[(28, 1, 17), (16, 2, 21)], ;


Time 23
Waiting clients: [(2, 6, 25), (8, 4, 33), (10, 1, 32), (14, 4, 28), (15, 3, 38), (17, 3, 31), (18, 6, 38), (19, 5, 27), (22, 1, 25), (23, 4, 32), (26, 1, 33), (29, 5, 37), (30, 3, 31), (36, 4, 33), (37, 6, 35), (38, 4, 25), (41, 5, 36), (43, 5, 24), (45, 2, 33), (46, 3, 29), (47, 5, 28), (48, 5, 28)]
Queue 1:[(6, 3, 21)], ;
Queue 2:[(13, 1, 16), (5, 2, 22)], ;
Queue 3:[(20, 3, 21)], ;
Queue 4:[(11, 0, 20), (49, 4, 21)], ;
Queue 5:[(28, 0, 17), (16, 2, 21), (42, 1, 23)], ;


Time 24
Waiting clients: [(2, 6, 25), (8, 4, 33), (10, 1, 32), (14, 4, 28), (15, 3, 38), (17, 3, 31), (18, 6, 38), (19, 5, 27), (22, 1, 25), (23, 4, 32), (26, 1, 33), (29, 5, 37), (30, 3, 31), (36, 4, 33), (37, 6, 35), (38, 4, 25), (41, 5, 36), (45, 2, 33), (46, 3, 29), (47, 5, 28), (48, 5, 28)]
Queue 1:[(6, 2, 21), (43, 5, 24)], ;
Queue 2:[(13, 0, 16), (5, 2, 22)], ;
Queue 3:[(20, 2, 21)], ;
Queue 4:[(49, 4, 21)], ;
Queue 5:[(16, 2, 21), (42, 1, 23)], ;


Time 25
Waiting clients: [(8, 4, 33), (10, 1, 32), (14, 4, 28), (15, 3, 38), (17, 3, 31), (18, 6, 38), (19, 5, 27), (23, 4, 32), (26, 1, 33), (29, 5, 37), (30, 3, 31), (36, 4, 33), (37, 6, 35), (41, 5, 36), (45, 2, 33), (46, 3, 29), (47, 5, 28), (48, 5, 28)]
Queue 1:[(6, 1, 21), (43, 5, 24)], ;
Queue 2:[(5, 2, 22), (22, 1, 25), (38, 4, 25)], ;
Queue 3:[(20, 1, 21)], ;
Queue 4:[(49, 3, 21)], ;
Queue 5:[(16, 1, 21), (42, 1, 23), (2, 6, 25)], ;


Time 26
Waiting clients: [(8, 4, 33), (10, 1, 32), (14, 4, 28), (15, 3, 38), (17, 3, 31), (18, 6, 38), (19, 5, 27), (23, 4, 32), (26, 1, 33), (29, 5, 37), (30, 3, 31), (36, 4, 33), (37, 6, 35), (41, 5, 36), (45, 2, 33), (46, 3, 29), (47, 5, 28), (48, 5, 28)]
Queue 1:[(6, 0, 21), (43, 5, 24)], ;
Queue 2:[(5, 1, 22), (22, 1, 25), (38, 4, 25)], ;
Queue 3:[(20, 0, 21)], ;
Queue 4:[(49, 2, 21)], ;
Queue 5:[(16, 0, 21), (42, 1, 23), (2, 6, 25)], ;


Time 27
Waiting clients: [(8, 4, 33), (10, 1, 32), (14, 4, 28), (15, 3, 38), (17, 3, 31), (18, 6, 38), (23, 4, 32), (26, 1, 33), (29, 5, 37), (30, 3, 31), (36, 4, 33), (37, 6, 35), (41, 5, 36), (45, 2, 33), (46, 3, 29), (47, 5, 28), (48, 5, 28)]
Queue 1:[(43, 5, 24)], ;
Queue 2:[(5, 0, 22), (22, 1, 25), (38, 4, 25)], ;
Queue 3:[(19, 5, 27)], ;
Queue 4:[(49, 1, 21)], ;
Queue 5:[(42, 1, 23), (2, 6, 25)], ;


Time 28
Waiting clients: [(8, 4, 33), (10, 1, 32), (15, 3, 38), (17, 3, 31), (18, 6, 38), (23, 4, 32), (26, 1, 33), (29, 5, 37), (30, 3, 31), (36, 4, 33), (37, 6, 35), (41, 5, 36), (45, 2, 33), (46, 3, 29)]
Queue 1:[(43, 4, 24), (47, 5, 28)], ;
Queue 2:[(22, 1, 25), (38, 4, 25), (48, 5, 28)], ;
Queue 3:[(19, 4, 27)], ;
Queue 4:[(49, 0, 21), (14, 4, 28)], ;
Queue 5:[(42, 0, 23), (2, 6, 25)], ;


Time 29
Waiting clients: [(8, 4, 33), (10, 1, 32), (15, 3, 38), (17, 3, 31), (18, 6, 38), (23, 4, 32), (26, 1, 33), (29, 5, 37), (30, 3, 31), (36, 4, 33), (37, 6, 35), (41, 5, 36), (45, 2, 33)]
Queue 1:[(43, 3, 24), (47, 5, 28)], ;
Queue 2:[(22, 0, 25), (38, 4, 25), (48, 5, 28)], ;
Queue 3:[(19, 3, 27)], ;
Queue 4:[(14, 4, 28), (46, 3, 29)], ;
Queue 5:[(2, 6, 25)], ;


Time 30
Waiting clients: [(8, 4, 33), (10, 1, 32), (15, 3, 38), (17, 3, 31), (18, 6, 38), (23, 4, 32), (26, 1, 33), (29, 5, 37), (30, 3, 31), (36, 4, 33), (37, 6, 35), (41, 5, 36), (45, 2, 33)]
Queue 1:[(43, 2, 24), (47, 5, 28)], ;
Queue 2:[(38, 4, 25), (48, 5, 28)], ;
Queue 3:[(19, 2, 27)], ;
Queue 4:[(14, 3, 28), (46, 3, 29)], ;
Queue 5:[(2, 5, 25)], ;


Time 31
Waiting clients: [(8, 4, 33), (10, 1, 32), (15, 3, 38), (18, 6, 38), (23, 4, 32), (26, 1, 33), (29, 5, 37), (36, 4, 33), (37, 6, 35), (41, 5, 36), (45, 2, 33)]
Queue 1:[(43, 1, 24), (47, 5, 28)], ;
Queue 2:[(38, 3, 25), (48, 5, 28)], ;
Queue 3:[(19, 1, 27), (30, 3, 31)], ;
Queue 4:[(14, 2, 28), (46, 3, 29)], ;
Queue 5:[(2, 4, 25), (17, 3, 31)], ;


Time 32
Waiting clients: [(8, 4, 33), (15, 3, 38), (18, 6, 38), (26, 1, 33), (29, 5, 37), (36, 4, 33), (37, 6, 35), (41, 5, 36), (45, 2, 33)]
Queue 1:[(43, 0, 24), (47, 5, 28)], ;
Queue 2:[(38, 2, 25), (48, 5, 28)], ;
Queue 3:[(19, 0, 27), (30, 3, 31)], ;
Queue 4:[(14, 1, 28), (46, 3, 29), (10, 1, 32)], ;
Queue 5:[(2, 3, 25), (17, 3, 31), (23, 4, 32)], ;


Time 33
Waiting clients: [(15, 3, 38), (18, 6, 38), (29, 5, 37), (37, 6, 35), (41, 5, 36)]
Queue 1:[(47, 5, 28), (8, 4, 33)], ;
Queue 2:[(38, 1, 25), (48, 5, 28), (45, 2, 33)], ;
Queue 3:[(30, 3, 31), (26, 1, 33)], ;
Queue 4:[(14, 0, 28), (46, 3, 29), (10, 1, 32), (36, 4, 33)], ;
Queue 5:[(2, 2, 25), (17, 3, 31), (23, 4, 32)], ;


Time 34
Waiting clients: [(15, 3, 38), (18, 6, 38), (29, 5, 37), (37, 6, 35), (41, 5, 36)]
Queue 1:[(47, 4, 28), (8, 4, 33)], ;
Queue 2:[(38, 0, 25), (48, 5, 28), (45, 2, 33)], ;
Queue 3:[(30, 2, 31), (26, 1, 33)], ;
Queue 4:[(46, 3, 29), (10, 1, 32), (36, 4, 33)], ;
Queue 5:[(2, 1, 25), (17, 3, 31), (23, 4, 32)], ;


Time 35
Waiting clients: [(15, 3, 38), (18, 6, 38), (29, 5, 37), (41, 5, 36)]
Queue 1:[(47, 3, 28), (8, 4, 33)], ;
Queue 2:[(48, 5, 28), (45, 2, 33)], ;
Queue 3:[(30, 1, 31), (26, 1, 33), (37, 6, 35)], ;
Queue 4:[(46, 2, 29), (10, 1, 32), (36, 4, 33)], ;
Queue 5:[(2, 0, 25), (17, 3, 31), (23, 4, 32)], ;


Time 36
Waiting clients: [(15, 3, 38), (18, 6, 38), (29, 5, 37)]
Queue 1:[(47, 2, 28), (8, 4, 33)], ;
Queue 2:[(48, 4, 28), (45, 2, 33), (41, 5, 36)], ;
Queue 3:[(30, 0, 31), (26, 1, 33), (37, 6, 35)], ;
Queue 4:[(46, 1, 29), (10, 1, 32), (36, 4, 33)], ;
Queue 5:[(17, 3, 31), (23, 4, 32)], ;


Time 37
Waiting clients: [(15, 3, 38), (18, 6, 38)]
Queue 1:[(47, 1, 28), (8, 4, 33)], ;
Queue 2:[(48, 3, 28), (45, 2, 33), (41, 5, 36)], ;
Queue 3:[(26, 1, 33), (37, 6, 35)], ;
Queue 4:[(46, 0, 29), (10, 1, 32), (36, 4, 33)], ;
Queue 5:[(17, 2, 31), (23, 4, 32), (29, 5, 37)], ;


Time 38
Waiting clients: none
Queue 1:[(47, 0, 28), (8, 4, 33), (15, 3, 38)], ;
Queue 2:[(48, 2, 28), (45, 2, 33), (41, 5, 36)], ;
Queue 3:[(26, 0, 33), (37, 6, 35)], ;
Queue 4:[(10, 1, 32), (36, 4, 33), (18, 6, 38)], ;
Queue 5:[(17, 1, 31), (23, 4, 32), (29, 5, 37)], ;


Time 39
Waiting clients: none
Queue 1:[(8, 4, 33), (15, 3, 38)], ;
Queue 2:[(48, 1, 28), (45, 2, 33), (41, 5, 36)], ;
Queue 3:[(37, 6, 35)], ;
Queue 4:[(10, 0, 32), (36, 4, 33), (18, 6, 38)], ;
Queue 5:[(17, 0, 31), (23, 4, 32), (29, 5, 37)], ;


Time 40
Waiting clients: none
Queue 1:[(8, 3, 33), (15, 3, 38)], ;
Queue 2:[(48, 0, 28), (45, 2, 33), (41, 5, 36)], ;
Queue 3:[(37, 5, 35)], ;
Queue 4:[(36, 4, 33), (18, 6, 38)], ;
Queue 5:[(23, 4, 32), (29, 5, 37)], ;


Time 41
Waiting clients: none
Queue 1:[(8, 2, 33), (15, 3, 38)], ;
Queue 2:[(45, 2, 33), (41, 5, 36)], ;
Queue 3:[(37, 4, 35)], ;
Queue 4:[(36, 3, 33), (18, 6, 38)], ;
Queue 5:[(23, 3, 32), (29, 5, 37)], ;


Time 42
Waiting clients: none
Queue 1:[(8, 1, 33), (15, 3, 38)], ;
Queue 2:[(45, 1, 33), (41, 5, 36)], ;
Queue 3:[(37, 3, 35)], ;
Queue 4:[(36, 2, 33), (18, 6, 38)], ;
Queue 5:[(23, 2, 32), (29, 5, 37)], ;


Time 43
Waiting clients: none
Queue 1:[(8, 0, 33), (15, 3, 38)], ;
Queue 2:[(45, 0, 33), (41, 5, 36)], ;
Queue 3:[(37, 2, 35)], ;
Queue 4:[(36, 1, 33), (18, 6, 38)], ;
Queue 5:[(23, 1, 32), (29, 5, 37)], ;


Time 44
Waiting clients: none
Queue 1:[(15, 3, 38)], ;
Queue 2:[(41, 5, 36)], ;
Queue 3:[(37, 1, 35)], ;
Queue 4:[(36, 0, 33), (18, 6, 38)], ;
Queue 5:[(23, 0, 32), (29, 5, 37)], ;


Time 45
Waiting clients: none
Queue 1:[(15, 2, 38)], ;
Queue 2:[(41, 4, 36)], ;
Queue 3:[(37, 0, 35)], ;
Queue 4:[(18, 6, 38)], ;
Queue 5:[(29, 5, 37)], ;


Time 46
Waiting clients: none
Queue 1:[(15, 1, 38)], ;
Queue 2:[(41, 3, 36)], ;
Queue 3:closed;
Queue 4:[(18, 5, 38)], ;
Queue 5:[(29, 4, 37)], ;


Time 47
Waiting clients: none
Queue 1:[(15, 0, 38)], ;
Queue 2:[(41, 2, 36)], ;
Queue 3:closed;
Queue 4:[(18, 4, 38)], ;
Queue 5:[(29, 3, 37)], ;


Time 48
Waiting clients: none
Queue 1:closed;
Queue 2:[(41, 1, 36)], ;
Queue 3:closed;
Queue 4:[(18, 3, 38)], ;
Queue 5:[(29, 2, 37)], ;


Time 49
Waiting clients: none
Queue 1:closed;
Queue 2:[(41, 0, 36)], ;
Queue 3:closed;
Queue 4:[(18, 2, 38)], ;
Queue 5:[(29, 1, 37)], ;


Time 50
Waiting clients: none
Queue 1:closed;
Queue 2:closed;
Queue 3:closed;
Queue 4:[(18, 1, 38)], ;
Queue 5:[(29, 0, 37)], ;


Time 51
Waiting clients: none
Queue 1:closed;
Queue 2:closed;
Queue 3:closed;
Queue 4:[(18, 0, 38)], ;
Queue 5:closed;


Time 52
Waiting clients: none
Queue 1:closed;
Queue 2:closed;
Queue 3:closed;
Queue 4:closed;
Queue 5:closed;


Average waiting time: 17.65
Average service time: 3.4
Peak hour: 38 with 14 clients